kvalueLow=0.10818487394957983
kvalueHigh=0.5158290598290599
